носорог	0	96	1	3
носорог	1	114	1	4
носорог	2	113	1	4
носорог	3	106	1	4
слон	4	168	1	4
слон	8	333	1	4
слон	9	298	1	4
слон	10	297	1	3
носорог	11	241	1	4
носорог	16	334	1	4
носорог	18	431	1	4
слон	19	335	1	4
носорог	19	263	0	4
слон	20	546	0	4
носорог	20	280	1	4
слон	21	413	1	4
слон	21	690	1	4
носорог	22	450	1	4
слон	23	663	1	4
носорог	24	508	1	4
слон	25	552	1	4
слон	25	814	1	4
слон	26	783	1	4
носорог	29	532	1	4
носорог	30	533	1	4
носорог	32	484	1	4
носорог	33	613	1	4
слон	35	827	1	4
носорог	36	691	1	4
носорог	36	606	1	4
слон	38	947	1	4
слон	38	1122	1	4
носорог	39	616	1	4
носорог	40	734	1	4
носорог	40	824	1	4
носорог	40	642	1	4
слон	42	1203	1	4
слон	42	929	1	4
слон	45	753	1	4
носорог	45	781	1	4
носорог	47	952	1	4
слон	48	1272	1	4
носорог	49	1090	1	4
носорог	50	1040	1	4
носорог	52	1060	1	4
слон	53	790	1	4
носорог	53	1156	1	4
слон	54	1006	1	4
слон	55	1559	1	4
носорог	55	1160	1	4
слон	56	910	1	4
слон	56	1232	1	4
слон	56	1092	1	4
слон	56	1062	1	4
носорог	56	942	1	4
слон	59	1277	1	4
слон	59	1292	1	4
слон	59	1572	1	4
слон	60	1344	1	4
слон	62	1183	1	4
носорог	62	788	1	4
носорог	64	1019	1	4
носорог	65	1209	1	4
носорог	66	1125	1	4
носорог	67	1224	1	4
слон	68	1861	1	4
носорог	68	1469	1	4
носорог	68	930	1	4
носорог	69	1026	1	4
носорог	70	1433	1	4
слон	73	1316	1	4
носорог	74	1166	1	4
слон	75	1879	1	4
слон	76	1918	1	4
слон	76	2153	1	4
носорог	77	840	1	4
слон	78	1666	1	4
слон	81	1988	1	4
носорог	81	1162	1	4
носорог	81	960	1	4
носорог	82	1302	1	4
слон	84	1307	1	4
носорог	85	966	1	4
слон	88	1695	1	4
слон	88	2074	1	4
слон	89	1270	1	4
носорог	91	1718	1	4
слон	92	2563	1	4
слон	92	2270	1	4
слон	93	2539	1	4
носорог	94	1091	1	4
слон	95	2531	1	4
слон	95	2655	1	4
слон	95	2302	1	4
слон	96	2294	1	4
носорог	96	1127	1	4
носорог	97	1831	1	4
носорог	97	1591	1	4
слон	98	2319	1	4